50 99
1 45 7
1 7 4
2 6 8
2 7 4
3 26 4
3 1 5
4 8 8
4 38 5
5 8 5
5 43 9
6 45 4
6 9 1
7 26 7
7 22 4
8 46 4
8 37 8
9 23 5
9 5 1
10 35 1
10 29 5
11 20 9
11 23 3
12 37 8
12 15 8
13 31 3
13 2 9
14 31 8
14 21 7
15 45 6
15 46 8
16 2 1
16 4 4
17 42 1
17 19 9
18 38 6
18 11 2
19 41 4
19 36 3
20 41 1
20 47 9
21 3 3
21 38 5
22 3 8
22 37 5
23 1 7
23 47 5
24 2 3
24 2 4
25 29 5
25 39 4
26 35 2
26 47 6
27 31 1
27 10 1
28 44 9
28 26 5
29 10 6
29 18 8
30 49 7
30 8 6
31 28 7
31 14 1
32 9 7
33 34 7
33 19 2
34 6 2
34 40 9
35 6 7
35 17 2
36 28 4
36 19 1
37 39 5
37 8 2
38 2 1
38 29 2
39 9 8
39 44 4
40 38 6
40 22 7
41 22 5
41 48 6
42 26 2
42 41 8
43 4 5
43 24 8
44 28 8
44 41 1
45 22 8
45 37 4
46 4 8
46 20 6
47 34 2
47 37 4
48 5 8
48 10 1
49 45 2
49 16 5
50 1 8
50 20 4
0 6
1 8
2 8
3 4
4 1
5 2
6 1
7 1
8 7
9 8
10 5
11 9
12 8
13 8
14 1
15 3
16 8
17 1
18 1
19 5
20 8
21 5
22 8
23 9
24 5
25 5
26 4
27 8
28 1
29 3
30 6
31 7
32 7
33 4
34 2
35 8
36 8
37 7
38 2
39 2
40 7
41 5
42 7
43 6
44 2
45 2
46 9
47 3
48 3
49 4
