50 98
1 38 1
1 12 1
2 22 1
2 49 1
3 15 1
3 45 1
4 2 1
4 40 1
5 43 1
5 45 1
6 13 1
6 3 1
7 43 1
7 9 1
8 9 1
8 1 1
9 11 1
9 25 1
10 46 1
10 1 1
11 7 1
11 35 1
12 45 1
12 43 1
13 46 1
13 9 1
14 29 1
14 18 1
15 22 1
15 34 1
16 4 1
16 40 1
17 18 1
17 20 1
18 23 1
18 2 1
19 10 1
19 36 1
20 15 1
20 39 1
21 16 1
21 31 1
22 13 1
23 45 1
23 18 1
24 29 1
24 4 1
25 18 1
25 19 1
26 35 1
26 29 1
27 30 1
27 4 1
28 31 1
28 10 1
29 40 1
29 40 1
30 14 1
30 1 1
31 25 1
31 43 1
32 3 1
32 11 1
33 14 1
33 31 1
34 17 1
34 10 1
35 37 1
35 34 1
36 6 1
36 44 1
37 28 1
37 21 1
38 24 1
38 27 1
39 11 1
39 3 1
40 37 1
40 31 1
41 19 1
41 36 1
42 41 1
42 26 1
43 7 1
43 40 1
44 6 1
44 42 1
45 23 1
45 42 1
46 41 1
47 7 1
47 28 1
48 20 1
48 32 1
49 23 1
49 35 1
50 15 1
50 3 1
0 1
1 1
2 1
3 1
4 1
5 1
6 1
7 1
8 1
9 1
10 1
11 1
12 1
13 1
14 1
15 1
16 1
17 1
18 1
19 1
20 1
21 1
22 1
23 1
24 1
25 1
26 1
27 1
28 1
29 1
30 1
31 1
32 1
33 1
34 1
35 1
36 1
37 1
38 1
39 1
40 1
41 1
42 1
43 1
44 1
45 1
46 1
47 1
48 1
49 30
